20
 0.10795840  0.96668333  0.90823942  0.72694093  0.51713735  0.79430157  0.12823893  0.81224847  0.44557935  0.01755248  0.30490571  0.28860986  0.48564622  0.01782916  0.95438409  0.03790268  0.55718946  0.34849882  0.17548090  0.24309252
 0.00000000 -0.48012280 -0.45736933  0.00770617  0.34836206 -0.58102399  0.32424435 -0.65242857  0.32808030  0.97424603 -0.24514799  0.49658453  0.52560800  0.36830083  0.01587740  0.96075124 -0.17190881  0.25277478  0.03387602  0.73190439
 0.00000000  0.00000000 -0.16029911 -1.51070642 -2.78090358  1.25939286 -1.61035383  1.51663721 -2.28384423 -4.25173378  0.76523596 -2.35116649 -3.41445279 -1.62047935 -1.98086560 -4.19409037 -0.36439249 -1.56533372 -0.49202579 -3.62653732
 0.00000000  0.00000000  0.00000000  4.35469103  8.13483524 -2.99175668  4.76118231 -3.81855464  6.84629440  12.40231133 -1.42458975  6.70026779  9.45724297  5.26007080  5.46765471  11.45590305  1.57102835  4.66495895  2.14933205  9.80300808
 0.00000000  0.00000000  0.00000000  0.00000000  0.87465483  0.42102659  0.13953108 -0.22381361  0.84015334  0.38254523  0.74743646 -1.29491663 -0.55319697  2.12777686 -0.73667687 -0.60403365  0.66155607 -0.30560282  2.19217086 -0.75991458
 0.00000000  0.00000000  0.00000000  0.00000000  0.00000000 -0.04118673  0.60797387  0.74362177 -0.27162477 -0.33218664 -0.11154087  0.88764805  0.45686051 -0.90049994 -0.23299852 -0.13066866  0.32095408  0.20161436 -0.60383689  0.22331563
 0.00000000  0.00000000  0.00000000  0.00000000  0.00000000  0.00000000  15.64178753  21.14058495 -7.41828012 -8.94634056 -1.37396264  22.92474174  11.43877220 -23.41045380 -6.13392401 -4.68942165  9.69577312  5.39236450 -15.67510414  3.89272356
 0.00000000  0.00000000  0.00000000  0.00000000  0.00000000  0.00000000  0.00000000 -0.00000758  0.10164867  0.21539943  0.02300514 -0.30980676  0.26936415  0.24000323 -0.27193803 -0.05101941  0.21094133 -0.05531358  0.12952073 -0.31671783
 0.00000000  0.00000000  0.00000000  0.00000000  0.00000000  0.00000000  0.00000000  0.00000000  11143.20605469  23615.29687500  2522.78442383 -33965.76953125  29532.09375000  26312.03125000 -29813.21484375 -5594.89208984  23127.66992188 -6063.96191406  14198.61328125 -34724.01953125
 0.00000000  0.00000000  0.00000000  0.00000000  0.00000000  0.00000000  0.00000000  0.00000000  0.00000000 -0.47265625  0.20996094  5.27343750 -2.75000000 -2.19140625  3.35546875  4.33789062 -3.12500000  0.78906250 -0.60156250  4.29687500
 0.00000000  0.00000000  0.00000000  0.00000000  0.00000000  0.00000000  0.00000000  0.00000000  0.00000000  0.00000000  1.74711275  14.14972878 -8.00816822 -4.88156986  9.73169613  13.34366989 -7.92032528  2.21531200 -0.75727987  10.83380699
 0.00000000  0.00000000  0.00000000  0.00000000  0.00000000  0.00000000  0.00000000  0.00000000  0.00000000  0.00000000  0.00000000 -2.91938400  0.66610384  0.78485537 -1.17644453 -3.27289772  1.83249331  0.09018528  0.12094754 -2.30402660
 0.00000000  0.00000000  0.00000000  0.00000000  0.00000000  0.00000000  0.00000000  0.00000000  0.00000000  0.00000000  0.00000000  0.00000000 -3.05855274 -1.39944434  2.42859411 -1.51387691 -0.25354195  2.03560829  0.18860990  0.36837053
 0.00000000  0.00000000  0.00000000  0.00000000  0.00000000  0.00000000  0.00000000  0.00000000  0.00000000  0.00000000  0.00000000  0.00000000  0.00000000 -1.44664383  1.65711272 -3.27703166  0.89653593  1.73440838 -2.02194786  0.21745141
 0.00000000  0.00000000  0.00000000  0.00000000  0.00000000  0.00000000  0.00000000  0.00000000  0.00000000  0.00000000  0.00000000  0.00000000  0.00000000  0.00000000 -0.25995088  0.46434975 -0.69328499 -0.16898870  0.03306365 -0.66077006
 0.00000000  0.00000000  0.00000000  0.00000000  0.00000000  0.00000000  0.00000000  0.00000000  0.00000000  0.00000000  0.00000000  0.00000000  0.00000000  0.00000000  0.00000000 -1.53835845  1.93635559  0.26645371  0.89131612  2.34912109
 0.00000000  0.00000000  0.00000000  0.00000000  0.00000000  0.00000000  0.00000000  0.00000000  0.00000000  0.00000000  0.00000000  0.00000000  0.00000000  0.00000000  0.00000000  0.00000000  0.84372759 -0.17820281  0.50080526 -0.42813134
 0.00000000  0.00000000  0.00000000  0.00000000  0.00000000  0.00000000  0.00000000  0.00000000  0.00000000  0.00000000  0.00000000  0.00000000  0.00000000  0.00000000  0.00000000  0.00000000  0.00000000 -0.30270678  0.10692364 -3.15812826
 0.00000000  0.00000000  0.00000000  0.00000000  0.00000000  0.00000000  0.00000000  0.00000000  0.00000000  0.00000000  0.00000000  0.00000000  0.00000000  0.00000000  0.00000000  0.00000000  0.00000000  0.00000000 -1.11638951  10.06633568
 0.00000000  0.00000000  0.00000000  0.00000000  0.00000000  0.00000000  0.00000000  0.00000000  0.00000000  0.00000000  0.00000000  0.00000000  0.00000000  0.00000000  0.00000000  0.00000000  0.00000000  0.00000000  0.00000000 -9.34097767
 0.02140007  0.45568889  0.32037261  0.40029186  0.34416834  0.50989109  0.65831065  0.66869646  73311.74218750 -5.09375000 -13.28434944  0.10010338 -8.82164288 -4.35387468  2.23561096 -7.71570492 -3.11752224  1.49098730 -2.78938150  6.16254902
