40
 0.45525077  0.40294850  0.29673845  0.87393153  0.27452686  0.90862721  0.44911358  0.10613915  0.66268599  0.29466820  0.94340283  0.76038152  0.36917135  0.62506163  0.77451789  0.16271496  0.62635481  0.81770211  0.80155361  0.63059354  0.79409957  0.09225541  0.50070024  0.67168236  0.38515297  0.32947239  0.72326839  0.80787814  0.26705414  0.84197921  0.04015613  0.26724279  0.85284221  0.29973981  0.28631365  0.67034560  0.39070383  0.32779846  0.73223865  0.75254875
 0.00000000  0.56257862  0.87701583  0.02981886  0.27065012  0.00247634  0.41011634  0.92536318  0.35488471  0.46109223  0.52680266  0.64460176 -0.00893201  0.72580862  0.71342820  0.89018214  0.59899980  0.16365154  0.31066120  0.61577016 -0.00682469  0.21061803  0.70516342  0.82398576  0.34493715  0.56508392 -0.01149009  0.59430134  0.67293429  0.52000737  0.28341675  0.00902868  0.50980538  0.47386724  0.20828822  0.17987417  0.01693183  0.60420096  0.89954001  0.75096500
 0.00000000  0.00000000  0.18476053 -1.29474115 -0.47030431 -1.44787312 -0.19503079  0.65064931 -0.53480464  0.21035478 -1.19066966 -0.98896927 -0.00179171 -0.82597190 -1.24757266  0.05885790 -0.78725898 -1.59226358 -1.18994129 -0.70910883 -1.34359360  0.70720309 -0.72948837 -0.76701993 -0.61265057 -0.30592144 -1.17768312 -1.07222784 -0.52598643 -1.45290685  0.19310755 -0.02021944 -0.95197040  0.01558135 -0.54835510 -0.72626388  0.18859528 -0.00614949 -0.62039703 -0.67844415
 0.00000000  0.00000000  0.00000000  3.41959882  2.11358190  3.48482919  0.55672199 -0.65493870  1.23808765 -0.14854352  3.33964515  2.91220784 -0.35953838  3.33788538  4.21987581  0.87821615  2.50558138  4.01148224  2.79296255  1.94558871  3.15848947 -1.64616156  3.38011169  2.95663095  2.00092340  1.54407382  2.88441682  2.89630628  2.42906427  4.19125509 -0.34225401  0.49005103  2.34005070  0.38901815  1.80703735  1.78826714 -1.03042042  0.27477938  1.82508183  2.22319436
 0.00000000  0.00000000  0.00000000  0.00000000  1.47964108  0.08920391 -0.55913693  0.28779188 -0.60488153 -0.27728680  0.16352944  0.10498574 -1.00221968  1.30492496  1.01281130  1.22669756  0.38973203  0.67611951 -0.02998744 -0.21844432  0.05681919 -0.19112884  1.43200946  0.61914587  1.03533518  0.59084255 -0.09135229 -0.20412575  1.50141609  1.23307693  0.05375630 -0.06295704 -0.34888634  0.76942557  0.84242541 -0.54362100 -1.51168990  0.05330864  0.24475046  0.61838377
 0.00000000  0.00000000  0.00000000  0.00000000  0.00000000  0.64703852  0.08503392 -1.32597065  0.81694412 -0.09742822  0.48768169  0.25431681  0.17565632 -0.62962592 -0.63987815 -0.43297505 -0.51140022  1.39613318  1.51131141  0.42042533  1.48084509 -0.56591678 -1.70619023 -0.83078605 -0.02193098 -0.07436513  0.66497028  0.14994271 -0.64748681  0.06573591  0.53248698 -0.08504745  0.39954126  0.44292927  0.48722306  0.86436844  0.46572772 -0.24752711  0.06989340 -0.35884142
 0.00000000  0.00000000  0.00000000  0.00000000  0.00000000  0.00000000  0.08467969  0.18641427 -0.37025669  0.50714344 -0.37923428 -0.42864075 -0.00342970  0.43141946  0.49964640  0.38433251  0.63405907 -0.00224178 -0.68792742  0.21123771 -0.51990575  0.21910986  1.52365899  0.26234043 -0.28427437  0.57163596 -0.29893741  0.49015465  0.17439894  0.48371577  0.10526103  0.25929019 -0.45730892 -0.00794495 -0.05838779  0.33932972 -0.49547321  0.15565786 -0.51742744  0.05184629
 0.00000000  0.00000000  0.00000000  0.00000000  0.00000000  0.00000000  0.00000000  0.88164884 -0.22214721  0.48530638 -0.62967640 -1.12590623  0.37742889  0.76031458  0.73771840  0.92281902  1.52520061 -0.83463520 -1.00382721  0.60031921 -0.54687160  0.30507454  2.69382167  0.12272063 -0.56437683  0.41395095 -0.79442978  0.88940662  0.24412654  0.70191753  0.20802221  0.49456444 -0.70959693 -0.55075151 -0.42762333  0.83188683 -0.39788637  0.10686010 -0.90051496 -0.36264607
 0.00000000  0.00000000  0.00000000  0.00000000  0.00000000  0.00000000  0.00000000  0.00000000 -1.84709787  0.66611135 -0.98001426 -0.76640606 -0.78345311  0.72342807  1.47325122  0.70936608  1.22749603  0.96540743 -2.43444991 -0.38133878 -1.90645945  0.93491167  3.69515300  0.93484521  0.52324563  1.73055267 -0.78738374  0.69550794  1.26138616  2.01895761  0.34325266  0.54157871 -1.53633487  0.52493370  0.73398179 -0.83372068 -2.74048090  0.64829898 -1.40964031  0.79039139
 0.00000000  0.00000000  0.00000000  0.00000000  0.00000000  0.00000000  0.00000000  0.00000000  0.00000000 -0.55168211  0.64642864  0.72151864 -0.75285357 -0.53623074  0.01754858  0.08012289 -0.82165968  0.93212736 -0.20229119 -0.89772242 -0.37134415  0.46049097 -0.33091924  1.01340938  1.07666385  0.08897278  0.37127471 -0.13933384  1.11999321  0.10524439  0.32050070 -0.74123329  0.18447851  0.15259153  0.62595260 -0.98458028 -0.16615872  0.25240582  0.72846836  0.59287250
 0.00000000  0.00000000  0.00000000  0.00000000  0.00000000  0.00000000  0.00000000  0.00000000  0.00000000  0.00000000 -0.09569439 -0.00620546  0.70586032  1.02459812  0.21110587  0.16106257  0.41719896 -1.26743114  1.51075661  0.79328036  1.56134140 -1.03830719 -1.16198361 -0.94969982 -1.13231289 -0.76511467  0.58179665  0.30243009 -0.98506230  0.05568805 -0.47512892 -0.20283268  0.53194094 -0.37232229 -0.48247528  0.57316989  1.04148757 -0.02794015 -0.11768932 -0.19281442
 0.00000000  0.00000000  0.00000000  0.00000000  0.00000000  0.00000000  0.00000000  0.00000000  0.00000000  0.00000000  0.00000000 -0.58265471 -6.68282175 -12.26273155 -4.15806580 -2.93141246 -4.10699224  11.64883041 -17.37795448 -8.61499119 -17.15893364  11.68133450  11.95117378  8.07963181  12.25059414  7.40726614 -7.99923944 -4.45385551  8.81181717 -1.58909631  3.95064998  3.24029183 -5.48006248  3.64246702  3.58712769 -6.99304676 -11.33283520 -0.08374623  1.37492573  0.44571677
 0.00000000  0.00000000  0.00000000  0.00000000  0.00000000  0.00000000  0.00000000  0.00000000  0.00000000  0.00000000  0.00000000  0.00000000  2.06706786  4.45127678  1.80829978  1.65380299  2.22136450 -3.71431589  6.41552210  3.32263255  6.36598635 -4.81614208 -3.92886639 -3.13427114 -4.29959917 -3.30090237  3.33802676  1.80891967 -2.95687699  1.10683453 -1.25298142 -1.37187386  1.74603713 -1.24231863 -1.30922484  2.79748654  3.86753297 -0.31459907 -0.50224560  0.36971396
 0.00000000  0.00000000  0.00000000  0.00000000  0.00000000  0.00000000  0.00000000  0.00000000  0.00000000  0.00000000  0.00000000  0.00000000  0.00000000 -6.17408228 -4.58232880 -5.80696011 -6.96805620  1.00985885 -8.76390457 -5.28254175 -8.69766235  9.11318684  1.67341816  3.64275670  4.47196674  7.18400145 -6.55112362 -4.07100964  1.42219949 -4.64132595  1.61119604  4.43400621 -1.90025985  0.83503437  2.24580407 -5.09002352 -3.29028201  1.51973557 -1.23100579 -4.33000469
 0.00000000  0.00000000  0.00000000  0.00000000  0.00000000  0.00000000  0.00000000  0.00000000  0.00000000  0.00000000  0.00000000  0.00000000  0.00000000  0.00000000  0.27505288 -0.22681209 -1.93265605  1.63882685 -1.32288921 -0.32619634 -1.58514380  1.74830687  2.18378186  2.58433104  0.08571113  4.05653954 -0.72425693  0.22830032  1.44741452 -0.10064621  1.78521001  0.80892485 -1.03717780  0.11885457  2.23209167  0.66467917 -1.26116693  0.82896483 -0.89760798 -0.94457215
 0.00000000  0.00000000  0.00000000  0.00000000  0.00000000  0.00000000  0.00000000  0.00000000  0.00000000  0.00000000  0.00000000  0.00000000  0.00000000  0.00000000  0.00000000 -0.52179176  0.61307061 -0.84754783  0.38005137 -0.66768205  0.19344467  0.79038984 -1.11347163 -0.47009248  0.52898002 -1.05034077 -1.23187077 -0.33831793  0.10481326 -0.14659922 -0.95203400 -0.21055984  0.48146740  1.00289893 -0.81910491 -0.93896174 -0.20624746  0.75613546  0.30359635  0.35488454
 0.00000000  0.00000000  0.00000000  0.00000000  0.00000000  0.00000000  0.00000000  0.00000000  0.00000000  0.00000000  0.00000000  0.00000000  0.00000000  0.00000000  0.00000000  0.00000000  8.59659100 -5.35371494  4.11813974 -1.76507199  4.20009947 -0.08615274 -7.93314552 -7.43914318  2.81996894 -13.00476265 -3.53754282 -0.94319791 -1.32679927  0.82275206 -7.60007048 -3.55411673  4.01944828  4.25760746 -8.48169613 -5.04009390  0.77898163  1.67015779  4.25462532  4.62768316
 0.00000000  0.00000000  0.00000000  0.00000000  0.00000000  0.00000000  0.00000000  0.00000000  0.00000000  0.00000000  0.00000000  0.00000000  0.00000000  0.00000000  0.00000000  0.00000000  0.00000000 -0.73884392 -0.26531959 -1.25003040  0.81703192  0.65064514 -0.38067564 -0.09005753  0.16186509 -1.47540534  0.48855454  1.43291891  0.42302117  0.06321090 -1.48559213 -2.64859605  0.64289528 -0.86324495 -1.89678848 -1.56137204  1.92195940  0.47947261  1.08161652  0.16349645
 0.00000000  0.00000000  0.00000000  0.00000000  0.00000000  0.00000000  0.00000000  0.00000000  0.00000000  0.00000000  0.00000000  0.00000000  0.00000000  0.00000000  0.00000000  0.00000000  0.00000000  0.00000000  4.02987480  6.05083418  1.00867558 -8.52846718 -1.20128417 -3.01601481 -2.95813179 -0.65872002  4.02368212 -5.51333189 -5.03918648 -0.35569096  4.90531349  9.70986462 -1.20677066 -0.12176557  6.53973913  6.85447931 -2.04427767 -5.79250097 -4.58481884 -0.42350167
 0.00000000  0.00000000  0.00000000  0.00000000  0.00000000  0.00000000  0.00000000  0.00000000  0.00000000  0.00000000  0.00000000  0.00000000  0.00000000  0.00000000  0.00000000  0.00000000  0.00000000  0.00000000  0.00000000 -0.85360307 -0.91244578  2.02912235  0.56654954  1.16046846  1.49447727 -0.04250852 -1.71694851  0.23901458  2.08658862  0.18329538 -0.53866976 -1.26014745  0.58839047  0.75735962 -0.12962742 -0.94837284 -0.02057204  1.94298565  1.09549034  0.13805214
 0.00000000  0.00000000  0.00000000  0.00000000  0.00000000  0.00000000  0.00000000  0.00000000  0.00000000  0.00000000  0.00000000  0.00000000  0.00000000  0.00000000  0.00000000  0.00000000  0.00000000  0.00000000  0.00000000  0.00000000  1.88412142 -3.26041222 -2.45938611 -1.95217121 -0.44179234 -4.76003504  4.76704121  0.37909093 -2.19615507 -1.24214721 -2.91003871 -2.85456896  0.27843070 -2.57076573 -3.36230826 -1.61465585  3.89602447 -2.68017292  0.43178397  1.89920437
 0.00000000  0.00000000  0.00000000  0.00000000  0.00000000  0.00000000  0.00000000  0.00000000  0.00000000  0.00000000  0.00000000  0.00000000  0.00000000  0.00000000  0.00000000  0.00000000  0.00000000  0.00000000  0.00000000  0.00000000  0.00000000  0.93431127 -0.46590865  0.05735572 -0.89133215  1.52811813 -1.24911869  0.04466387 -0.54916692 -0.04473892  1.17634487  0.73656154 -0.89008641  1.40596461  0.88910079  0.86908239 -1.61045706  0.06579383 -0.81221354 -0.51837337
 0.00000000  0.00000000  0.00000000  0.00000000  0.00000000  0.00000000  0.00000000  0.00000000  0.00000000  0.00000000  0.00000000  0.00000000  0.00000000  0.00000000  0.00000000  0.00000000  0.00000000  0.00000000  0.00000000  0.00000000  0.00000000  0.00000000 -0.14720638  0.90226483  1.10634017 -3.12554479  1.67961943  1.75062537  1.93139935 -0.08264837 -0.87832922 -3.52722692  1.11300266 -1.32043660 -1.04468715 -0.59040093  3.37197566  0.52311212  1.14270282  1.28666544
 0.00000000  0.00000000  0.00000000  0.00000000  0.00000000  0.00000000  0.00000000  0.00000000  0.00000000  0.00000000  0.00000000  0.00000000  0.00000000  0.00000000  0.00000000  0.00000000  0.00000000  0.00000000  0.00000000  0.00000000  0.00000000  0.00000000  0.00000000 -30.47201920 -38.91860580  98.86271667 -54.29878616 -56.12285995 -67.15312958 -0.40113297  27.07033348  110.12932587 -38.69560242  44.55677414  30.81814957  19.28303528 -108.97221375 -18.40573311 -37.99313736 -40.63890457
 0.00000000  0.00000000  0.00000000  0.00000000  0.00000000  0.00000000  0.00000000  0.00000000  0.00000000  0.00000000  0.00000000  0.00000000  0.00000000  0.00000000  0.00000000  0.00000000  0.00000000  0.00000000  0.00000000  0.00000000  0.00000000  0.00000000  0.00000000  0.00000000  3.72581458 -4.29746962  2.20194840  0.10866003  2.81631374 -0.24002835 -2.54694796 -1.92031467  2.11281610 -2.14592624 -1.29620492 -1.99670720  2.94370246  0.14908019  1.42582941  1.72854733
 0.00000000  0.00000000  0.00000000  0.00000000  0.00000000  0.00000000  0.00000000  0.00000000  0.00000000  0.00000000  0.00000000  0.00000000  0.00000000  0.00000000  0.00000000  0.00000000  0.00000000  0.00000000  0.00000000  0.00000000  0.00000000  0.00000000  0.00000000  0.00000000  0.00000000  0.20511881  0.79980928  1.46671665  1.09702480  0.99666297  0.83494419 -0.40729743 -0.26299945 -1.09536791  0.49948737 -0.37403482 -0.06516367  0.82543528 -0.14276010  0.10937910
 0.00000000  0.00000000  0.00000000  0.00000000  0.00000000  0.00000000  0.00000000  0.00000000  0.00000000  0.00000000  0.00000000  0.00000000  0.00000000  0.00000000  0.00000000  0.00000000  0.00000000  0.00000000  0.00000000  0.00000000  0.00000000  0.00000000  0.00000000  0.00000000  0.00000000  0.00000000 -4.33446646 -7.30307770 -6.47769833 -5.66301489 -4.09372091  2.22562981  1.87577903  5.96949625 -2.93017220  2.59932065 -0.43013769 -4.61337519  0.51401031 -1.16225028
 0.00000000  0.00000000  0.00000000  0.00000000  0.00000000  0.00000000  0.00000000  0.00000000  0.00000000  0.00000000  0.00000000  0.00000000  0.00000000  0.00000000  0.00000000  0.00000000  0.00000000  0.00000000  0.00000000  0.00000000  0.00000000  0.00000000  0.00000000  0.00000000  0.00000000  0.00000000  0.00000000 -0.63270503 -2.86415792 -2.92059875 -3.44530153 -1.69771624  1.80463707 -0.42366409 -3.53296232 -0.45945609  1.23670876 -1.08858633  0.99389827 -0.96459675
 0.00000000  0.00000000  0.00000000  0.00000000  0.00000000  0.00000000  0.00000000  0.00000000  0.00000000  0.00000000  0.00000000  0.00000000  0.00000000  0.00000000  0.00000000  0.00000000  0.00000000  0.00000000  0.00000000  0.00000000  0.00000000  0.00000000  0.00000000  0.00000000  0.00000000  0.00000000  0.00000000  0.00000000 -18.76616096 -18.93500900 -20.23008919 -12.55745411  12.75648880 -3.38590717 -23.22039986 -1.16915762  7.67353725 -7.59823322  5.75567675 -7.65443993
 0.00000000  0.00000000  0.00000000  0.00000000  0.00000000  0.00000000  0.00000000  0.00000000  0.00000000  0.00000000  0.00000000  0.00000000  0.00000000  0.00000000  0.00000000  0.00000000  0.00000000  0.00000000  0.00000000  0.00000000  0.00000000  0.00000000  0.00000000  0.00000000  0.00000000  0.00000000  0.00000000  0.00000000  0.00000000  0.97627258  2.76762438  1.95945072  0.15112932  2.21452260  1.91356766  2.25665879  0.21933597 -1.16669583 -1.03895581  0.16558214
 0.00000000  0.00000000  0.00000000  0.00000000  0.00000000  0.00000000  0.00000000  0.00000000  0.00000000  0.00000000  0.00000000  0.00000000  0.00000000  0.00000000  0.00000000  0.00000000  0.00000000  0.00000000  0.00000000  0.00000000  0.00000000  0.00000000  0.00000000  0.00000000  0.00000000  0.00000000  0.00000000  0.00000000  0.00000000  0.00000000  4.52331400  3.64100432  0.89310879  3.39280415  3.02141857  4.13528538  0.02174577 -2.96642971 -2.13880444 -0.52652162
 0.00000000  0.00000000  0.00000000  0.00000000  0.00000000  0.00000000  0.00000000  0.00000000  0.00000000  0.00000000  0.00000000  0.00000000  0.00000000  0.00000000  0.00000000  0.00000000  0.00000000  0.00000000  0.00000000  0.00000000  0.00000000  0.00000000  0.00000000  0.00000000  0.00000000  0.00000000  0.00000000  0.00000000  0.00000000  0.00000000  0.00000000 -1.46087337 -0.49555123  0.53602993 -0.12045120  1.06669176 -0.01385241  0.17854699  0.73960197  0.92260110
 0.00000000  0.00000000  0.00000000  0.00000000  0.00000000  0.00000000  0.00000000  0.00000000  0.00000000  0.00000000  0.00000000  0.00000000  0.00000000  0.00000000  0.00000000  0.00000000  0.00000000  0.00000000  0.00000000  0.00000000  0.00000000  0.00000000  0.00000000  0.00000000  0.00000000  0.00000000  0.00000000  0.00000000  0.00000000  0.00000000  0.00000000  0.00000000 -0.71674556 -0.05841746  0.50668943 -1.41024911 -0.22395030  1.13734996 -1.27792680  0.01972100
 0.00000000  0.00000000  0.00000000  0.00000000  0.00000000  0.00000000  0.00000000  0.00000000  0.00000000  0.00000000  0.00000000  0.00000000  0.00000000  0.00000000  0.00000000  0.00000000  0.00000000  0.00000000  0.00000000  0.00000000  0.00000000  0.00000000  0.00000000  0.00000000  0.00000000  0.00000000  0.00000000  0.00000000  0.00000000  0.00000000  0.00000000  0.00000000  0.00000000  0.68414611  0.14952415  0.89177418 -1.30717373 -1.54892170  0.86987448  0.32578650
 0.00000000  0.00000000  0.00000000  0.00000000  0.00000000  0.00000000  0.00000000  0.00000000  0.00000000  0.00000000  0.00000000  0.00000000  0.00000000  0.00000000  0.00000000  0.00000000  0.00000000  0.00000000  0.00000000  0.00000000  0.00000000  0.00000000  0.00000000  0.00000000  0.00000000  0.00000000  0.00000000  0.00000000  0.00000000  0.00000000  0.00000000  0.00000000  0.00000000  0.00000000 -0.31527093  1.24826729 -0.61756843 -1.98075736  0.71964061 -0.83295768
 0.00000000  0.00000000  0.00000000  0.00000000  0.00000000  0.00000000  0.00000000  0.00000000  0.00000000  0.00000000  0.00000000  0.00000000  0.00000000  0.00000000  0.00000000  0.00000000  0.00000000  0.00000000  0.00000000  0.00000000  0.00000000  0.00000000  0.00000000  0.00000000  0.00000000  0.00000000  0.00000000  0.00000000  0.00000000  0.00000000  0.00000000  0.00000000  0.00000000  0.00000000  0.00000000  1.93422389 -0.12882233 -1.82084274 -0.01727340 -1.57497597
 0.00000000  0.00000000  0.00000000  0.00000000  0.00000000  0.00000000  0.00000000  0.00000000  0.00000000  0.00000000  0.00000000  0.00000000  0.00000000  0.00000000  0.00000000  0.00000000  0.00000000  0.00000000  0.00000000  0.00000000  0.00000000  0.00000000  0.00000000  0.00000000  0.00000000  0.00000000  0.00000000  0.00000000  0.00000000  0.00000000  0.00000000  0.00000000  0.00000000  0.00000000  0.00000000  0.00000000 -0.71784955 -0.70851791  2.39791727  1.93467474
 0.00000000  0.00000000  0.00000000  0.00000000  0.00000000  0.00000000  0.00000000  0.00000000  0.00000000  0.00000000  0.00000000  0.00000000  0.00000000  0.00000000  0.00000000  0.00000000  0.00000000  0.00000000  0.00000000  0.00000000  0.00000000  0.00000000  0.00000000  0.00000000  0.00000000  0.00000000  0.00000000  0.00000000  0.00000000  0.00000000  0.00000000  0.00000000  0.00000000  0.00000000  0.00000000  0.00000000  0.00000000 -0.59153342  3.55655074  3.00129628
 0.00000000  0.00000000  0.00000000  0.00000000  0.00000000  0.00000000  0.00000000  0.00000000  0.00000000  0.00000000  0.00000000  0.00000000  0.00000000  0.00000000  0.00000000  0.00000000  0.00000000  0.00000000  0.00000000  0.00000000  0.00000000  0.00000000  0.00000000  0.00000000  0.00000000  0.00000000  0.00000000  0.00000000  0.00000000  0.00000000  0.00000000  0.00000000  0.00000000  0.00000000  0.00000000  0.00000000  0.00000000  0.00000000 -9.51195621 -8.90163708
 0.00000000  0.00000000  0.00000000  0.00000000  0.00000000  0.00000000  0.00000000  0.00000000  0.00000000  0.00000000  0.00000000  0.00000000  0.00000000  0.00000000  0.00000000  0.00000000  0.00000000  0.00000000  0.00000000  0.00000000  0.00000000  0.00000000  0.00000000  0.00000000  0.00000000  0.00000000  0.00000000  0.00000000  0.00000000  0.00000000  0.00000000  0.00000000  0.00000000  0.00000000  0.00000000  0.00000000  0.00000000  0.00000000  0.00000000 -0.00000946
 0.67934829  0.22896373  0.43872845  0.24452430  0.29413274  0.97233683  0.39752993  0.98187959  0.85881793  0.81999493  0.48769394  0.03808153  0.31411466  0.75533038  0.00853925  0.23780382  0.36764762  0.56150913  0.98984653  0.15519223  0.24797516  0.97228503  0.30016881  0.44882274  0.55544263  0.88337016  0.13543800  0.68484277  0.12078814  0.22400020  0.92818022  0.08436073  0.98652112  0.01899882  0.93738163  0.20243971  0.11144689  0.63355994  0.78002024  0.14858751
